Found option p and prints are active
Found option t and it count execution time of the program
Running openMP

Elapsed time till sort : Loop time = 13.408183

Elapsed time after sort : Loop time = 0.000069
Factors
1
1000000000000000000
2
500000000000000000
4
250000000000000000
8
125000000000000000
16
62500000000000000
32
31250000000000000
53
18867924528301886
64
15625000000000000
106
9433962264150943
107
9345794392523364
128
7812500000000000
212
4716981132075471
214
4672897196261682
256
3906250000000000
424
2358490566037735
428
2336448598130841
512
1953125000000000
848
1179245283018867
856
1168224299065420
1024
976562500000000
1696
589622641509433
1712
584112149532710
2048
488281250000000
3392
294811320754716
3424
292056074766355
4096
244140625000000
5671
176335743255157
6784
147405660377358
6848
146028037383177
8192
122070312500000
11342
88167871627578
13568
73702830188679
13696
73014018691588
16384
61035156250000
22684
44083935813789
27136
36851415094339
27392
36507009345794
32768
30517578125000
45368
22041967906894
54272
18425707547169
54784
18253504672897
65536
15258789062500
90736
11020983953447
108544
9212853773584
109568
9126752336448
131072
7629394531250
181472
5510491976723
217088
4606426886792
219136
4563376168224
262144
3814697265625
362944
2755245988361
434176
2303213443396
438272
2281688084112
725888
1377622994180
868352
1151606721698
876544
1140844042056
1451776
688811497090
1736704
575803360849
1753088
570422021028
2903552
344405748545
3473408
287901680424
3506176
285211010514
5807104
172202874272
6946816
143950840212
7012352
142605505257
11614208
86101437136
13893632
71975420106
14024704
71302752628
23228416
43050718568
28049408
35651376314
46456832
21525359284
92913664
10762679642
371654656
2690669910
185827328
5381339821
743309312
1345334955

Elapsed time: Loop time = 13.408398
